# Un ISBN par ligne. Les tirets et espaces sont ignorés.
# Les lignes vides ou commençant par # sont ignorées.

9780786968305
9780786969296
9782010119927
9782070332526
9782070332823
9782070332861
9782070332939
9782070332946
9782070332953
9782070333103
9782070333264
9782070333356
9782070333370
9782070333387
9782070333394
9782070333400
9782070333417
9782070333424
9782070333509
9782070333530
9782070333547
9782070333561
9782070333622
9782070333745
9782070333752
9782070333769
9782070333776
9782070333783
9782070333790
9782070333837
9782070333851
9782070333929
9782070334018
9782070334025
9782070334049
9782070334087
9782070334094
9782070334148
9782070334155
9782070334162
9782070334179
9782070334230
9782070334247
9782070334254
9782070334711
9782070334728
9782070334735
9782070334742
9782070334858
9782070334872
9782070335022
9782070335039
9782070335046
9782070335053
9782070335060
9782070335121
9782070336210
9782070336203
9782070336111
9782070336098
9782070336081
9782070336074
9782070335947
9782070335930
9782070335923
9782070335862
9782070335855
9782070335848
9782070335770
9782070335763
9782070335756
9782070335749
9782070335718
9782070335701
9782070335510
9782070335503
9782070335497
9782070335480
9782070335404
9782070335398
9782070335381
9782070335305
9782070335299
9782070335282
9782070335275
9782070335220
9782070336227
9782070336234
9782070336319
9782070336326
9782070509355
9782070520312
9782070520329
9782070566044
9782070566051
9782070566075
9782070566389
9782070566440
9782070566495
9782070566556
9782070566891
9782070567119
9782070567126
9782070567195
9782070567386
9782070567393
9782070567539
9782070567683
9782070567690
9782070567874
9782070567881
9782070567898
9782070568154
9782070568734
9782070568802
9782070569403
9782070569410
9782070569649
9782070579631
9782070582686
9782070582693
9782070583140
9782070583782
9782070583799
9782070583805
9782070583812
9782070584413
9782070585151
9782070585168
9782070586134
9782070586943
9782070587650
9782070587667
9782070587674
9782070592265
